1b 1b 1b 1b
01 01 01 01
76
   07 00 0b 04 50 f2 79
   62 00
   62 00
   72
      63 01 01
      76
         01
         01
         07 00 0b 03 af 50 d3
         0b 06 45 4d 48 01 04 c5 6c 42 7a
         01
         01
   63 d1 15
00
76
   07 00 0b 04 50 f2 7a
   62 00
   62 00
   72
      63 07 01
      77
         01
         0b 06 45 4d 48 01 04 c5 6c 42 7a
         07 01 00 62 0a ff ff
         72
            62 01
            65 03 af df 86 7a
         77
            07 81 81 c7 82 03 ff
            01
            01
            01
            01
            04 45 4d 48
            01
         77
            07 01 00 00 00 09 ff
            01
            01
            01
            01
            0b 06 45 4d 48 01 04 c5 6c 42 7a
            01
         77
            07 01 00 01 08 00 ff
            64 01 01 a0
            01
            62 1e
            52 ff
            56 00 01 f2 83 86
            01
         77
            07 01 00 02 08 00 ff
            64 01 01 a0
            01
            62 1e
            52 ff
            56 00 08 53 e3 dd
            01
         77
            07 01 00 01 08 01 ff
            01
            01
            62 1e
            52 ff
            56 00 01 f2 83 86
            01
         77
            07 01 00 02 08 01 ff
            01
            01
            62 1e
            52 ff
            56 00 08 53 e3 dd
            01
         77
            07 01 00 01 08 02 ff
            01
            01
            62 1e
            52 ff
            56 00 00 00 00 00
            01
         77
            07 01 00 02 08 02 ff
            01
            01
            62 1e
            52 ff
            56 00 00 00 00 00
            01
         77
            07 01 00 10 07 00 ff
            01
            01
            62 1b
            52 ff
            55 ff ff fd 8d
            01
         77
            07 81 81 c7 82 05 ff
            01
            72 62 01 65 03 af df 86
            01
            01
            83 02 4d 5a ae 0a 01 86 c1 be b1
               48 1b 9a c1 e0 c5 bb 29 95 22
               c6 b9 8d f5 10 b7 56 bd ff 19
               56 7c 44 f8 c3 3a 2d fb 54 e5
               6c 91 eb 9b 90 22 8a 64 d0
            01
         01
         01
   63 fe 6c
00
76
   07 00 0b 04 50 f2 7d
   62 00
   62 00
   72
      63 02 01
      71
         01
   63 95 71
00
00
1b 1b 1b 1b
1a 01 4b 81